3368
4874
6800
9585
3401
7989
1350
6334
5652
4776
4438
1167
4193
6673
7680
7893
8829
2510
8086
9195
3519
9922
100186
3795
100160
8574
4313
4927
5403
100094
2769
9499
9775
3500
8597
2247
4083
4495
4321
3953
4473
5357
1283
1845
101
3652
8188
100179
8117
2366
6692
9803
1314
2931
4053
4447
7800
1069
1879
2156
26
3367
5060
7549
8218
3310
5817
1105
6730
8807
7940
3484
8034
6191
9343
4298
7792
9701
7866
7641
9498
3032
1403
3426
1854
5164
3482
6887
765
2557
4922
9295
7122
2974
9609
2233
100213
93
2505
9605
2755
1597
5288
555
9370
5252
3104
7818
5796
774
3883
6960
9333
6078
7787
135
9670
252
3723
8236
508
3964
6418
1718
974
6593
9019
7881
7850
980
9981
160
861
8767
7901
7767
100207
4830
900
8031
8565
4302
6429
3510
3849
5949
2158
7504
4910
9737
7639
3632
4297
9085
9942
6423
7794
3938
7587
243
5673
1479
2751
4767
100109
4022
6614
8046
2980
3973
100091
898
7429
8995
796
1153
100064
624
4224
6460
5728
6378
7436
9356
2031
9340
9213
6888
6012
2710
4946
2575
8156
280
781
297
4095
6286
1782
2925
3394
8142
5218
8986
4416
5456
2523
7973
9776
7491
8342
3544
4505
7030
100142
2787
1681
77
1800
2458
5718
100121
1632
100111
2004
946
2401
100219
2873
1463
2072
2641
7024
2199
3235
8282
100168
100175
5738
7409
575
5749
3087
5785
1500
484
8163
2953
507
2859
3886
7390
547
2360
3687
6165
3224
4934
8961
2449
7731
5035
8419
3411
2992
100066
2815
5317
7287
9654
1551
1450
7276
7585
9642
9836
7361
5009
100189
4957
1524
1792
5994
8862
6688
9451
6498
6799
9578
100115
9610
499
3273
100089
1830
6826
3531
661
100103
6990
8942
6412
7693
8155
994
1766
8600
8197
6836
2075
8733
9643
4251
7531
2814
7166
2361
6910
9773
954
2337
3126
6643
5904
100099
1790
9142
9935
9932
5439
4703
6125
8967
8029
9631
5262
8872
2864
4761
5371
8061
7536
1832
5852
1889
7900
9052
7036
100095
1202
7984
7512
8122
232
5814
9982
2207
739
3192
7982
4042
6636
68
9278
7951
5778
3443
8047
1629
5615
100215
7560
3036
5921
8626
9936
100178
744
7114
1947
5892
5944
4213
100055
9134
9462
100108
2034
5026
470
8736
3263
6578
7617
1415
3143
2144
8589
370
2520
6063
9206
2995
48
821
9771
94
4660
9919
6941
3504
585
2903
2354
871
3678
8729
3392
8071
8243
100069
5356
9729
4296
3806
5746
991
1310
100063
3425
1953
4974
5395
9613
545
2470
7741
3268
9548
5874
2818
3160
4601
100118
9139
1696
7057
5275
5539
5448
9875
8059
8555
9939
434
9624
6689
3456
8852
3893
604
1697
4135
8741
9647
8645
100085
3577
9688
9846
9931
1103
187
5545
114
3615
3967
9915
5298
6248
5759
3734
8368
100097
8079
9484
4514
6324
100092
8886
2845
3873
7016
100113
6121
5677
7788
2532
6545
100135
3092
457
5552
1642
4590
5209
6871
4674
1392
8084
1796
6266
9121
7062
8092
9182
1169
8622
6547
9926
9934
9674
9983
2907
8386
7638
3009
8669
9958
2986
6911
203
7764
9921
2018
4956
7319
4336
7240
6979
9929
4670
7108
59
7468
8183
7875
1700
4526
100087
9488
8121
7527
4732
100062
5449
9001
1507
9971
4800
3789
6108
2378
7597
4998
5889
267
5809
516
3631
9341
7739
580
5568
698
1714
6536
2335
171
8890
2129
2667
9201
347
2742
410
3676
3829
7719
8467
9248
9818
54
7017
100177
115
2365
8328
9141
3736
4352
1508
6148
7117
7627
9938
2062
6264
6072
9233
100106
2171
4920
2829
4373
4154
5129
5786
7965
5972
100167
3353
3649
5938
9509
100153
222
275
5959
7510
9937
3044
5109
936
1994
9156
2606
6956
3221
3721
1586
890
1601
4944
5438
364
2638
4575
86
5187
8273
5087
22
2465
2945
3413
1577
2461
8201
1617
100101
9745
1731
6500
2094
6497
9766
9923
4147
9160
3864
8292
4864
4342
668
4329
4499
4375
100188
3134
100107
5279
6101
1464
3778
5246
8317
573
1086
6377
9830
4641
100088
645
4031
4383
3635
100116
3506
100056
5400
5909
9555
2472
6174
7863
100212
121
2242
1192
1334
100211
8848
9215
6348
9612
3831
503
6083
3039
9912
2965
1037
9036
100065
878
4357
5226
8857
100218
491
7001
3527
9251
4220
8395
9933
3918
527
4967
436
6691
100214
6061
490
3916
5810
4856
7769
100216
4544
3299
1589
5485
9165
3935
8956
100082
130
7793
100084
4773
772
4000
3719
7208
9277
7013
3538
7703
1791
1331
6139
1801
2824
7408
1185
6268